06/06/2012,15:42,2.2800000000000002,2.2800000000000002,1.96,1.96,6401.0
06/06/2012,15:46,2.52,2.52,2.52,2.52,801.0
06/07/2012,10:42,2.2,2.2,2.2,2.2,2801.0
06/07/2012,10:43,2.52,2.52,2.52,2.52,801.0
06/08/2012,14:24,1.96,1.96,1.96,1.96,29601.0
06/08/2012,14:26,2.3600000000000003,2.3600000000000003,2.3600000000000003,2.3600000000000003,801.0
06/12/2012,09:37,1.96,2.3544,1.96,2.3544,8801.0
06/13/2012,11:10,1.96,2.2,1.96,2.2,4000801.0
06/18/2012,15:57,1.96,1.96,1.96,1.96,8001.0
06/19/2012,13:31,1.8,1.8,1.7431999999999999,1.7431999999999999,40001.0
06/25/2012,10:28,1.8,1.8,1.8,1.8,4001.0
06/29/2012,13:34,1.88,1.88,1.88,1.88,801.0
07/02/2012,13:23,1.4,1.8,1.4,1.8,122401.0
07/02/2012,14:38,1.6400000000000001,1.6400000000000001,1.6400000000000001,1.6400000000000001,801.0
07/02/2012,15:45,1.48,1.48,1.48,1.48,78401.0
07/02/2012,15:46,1.6400000000000001,1.6400000000000001,1.6400000000000001,1.6400000000000001,8001.0
07/02/2012,15:49,1.52,1.52,1.48,1.48,84001.0
07/03/2012,09:54,1.4,1.4,1.4,1.4,40001.0
07/03/2012,11:37,1.32,1.32,1.32,1.32,160001.0
07/03/2012,11:39,1.32,1.32,1.32,1.32,40001.0
07/06/2012,14:13,1.1952,1.1952,1.1952,1.1952,6561.0
07/06/2012,14:14,1.32,1.32,1.32,1.32,801.0
07/10/2012,15:09,1.32,1.32,1.32,1.32,1601.0
07/11/2012,09:30,1.6400000000000001,2.3200000000000003,1.6400000000000001,1.8,272161.0
07/11/2012,09:31,1.6400000000000001,2.7152000000000003,1.6400000000000001,1.8792,735201.0
07/11/2012,09:32,1.9592,2.7136,1.9592,2.7136,120961.0
07/11/2012,09:33,1.9584000000000001,1.9584000000000001,1.8784,1.8784,480881.0
07/11/2012,09:34,1.8776000000000002,1.8776000000000002,1.8776000000000002,1.8776000000000002,240561.0
07/11/2012,09:35,1.7976,2.436,1.7976,2.436,522321.0
07/11/2012,09:39,2.4352,2.4352,2.4352,2.4352,7201.0
07/11/2012,09:46,2.1952,2.1952,2.1952,2.1952,8001.0
07/11/2012,09:47,1.9592,2.0351999999999997,1.9552,2.0351999999999997,281281.0
07/11/2012,09:48,2.0343999999999998,2.0343999999999998,2.0343999999999998,2.0343999999999998,40241.0
07/11/2012,09:49,2.0343999999999998,2.0343999999999998,1.8752,1.8752,41041.0
07/11/2012,09:50,1.9544000000000001,2.24,1.8744,2.0336,812161.0
07/11/2012,09:51,2.4303999999999997,2.4303999999999997,2.4303999999999997,2.4303999999999997,93441.0
07/11/2012,09:53,2.4295999999999998,2.4295999999999998,2.4295999999999998,2.4295999999999998,80561.0
07/11/2012,09:54,2.5088,2.5088,2.5088,2.5088,801.0
07/11/2012,10:02,2.508,2.508,2.508,2.508,201601.0
07/11/2012,10:07,2.1896,2.5072,2.1896,2.5072,242881.0
07/11/2012,10:09,2.4672,2.4672,2.4672,2.4672,801.0
07/11/2012,10:10,2.5056000000000003,2.5056000000000003,2.5048,2.5048,3281.0
07/11/2012,10:11,2.504,2.5048,2.504,2.5048,8081.0
07/11/2012,10:12,2.504,2.504,2.504,2.504,801.0
07/11/2012,10:27,2.504,2.504,2.504,2.504,4081.0
07/11/2012,10:35,2.424,2.424,2.424,2.424,8081.0
07/11/2012,10:36,2.4232,2.5023999999999997,2.4232,2.5023999999999997,315601.0
07/11/2012,10:37,2.5016,2.5016,2.5016,2.5016,25121.0
07/11/2012,10:38,2.5016,2.5792,2.5016,2.5792,75281.0
07/11/2012,10:40,2.5008,2.5008,2.5008,2.5008,923761.0
07/11/2012,10:44,2.5,2.5,2.5,2.5,137841.0
07/11/2012,10:49,2.4992,2.4992,2.4992,2.4992,775201.0
07/11/2012,10:50,2.4992,2.4992,2.4992,2.4992,775521.0
07/11/2012,10:51,2.4984,2.4984,2.4984,2.4984,8081.0
07/11/2012,10:53,2.1824,2.4936,2.1824,2.4936,94961.0
07/11/2012,10:54,2.4936,2.4936,2.4936,2.4936,801.0
07/11/2012,10:55,2.4184,2.4968,2.4144,2.4144,239681.0
07/11/2012,10:56,2.4135999999999997,2.4176,2.4135999999999997,2.4176,56881.0
07/11/2012,10:57,2.4168000000000003,2.496,2.4168000000000003,2.496,357681.0
07/11/2012,11:03,2.4952,2.4952,2.4943999999999997,2.4943999999999997,4881.0
07/11/2012,11:06,2.4952,2.4952,2.4952,2.4952,406721.0
07/11/2012,11:08,2.4943999999999997,2.4943999999999997,2.4943999999999997,2.4943999999999997,135121.0
07/11/2012,11:12,2.4936,2.6904,2.4936,2.6904,574721.0
07/11/2012,11:14,2.8392,2.84,2.8392,2.84,8161.0
07/11/2012,11:16,2.8096,2.8096,2.8096,2.8096,82961.0
07/11/2012,11:22,2.6592000000000002,2.6592000000000002,2.6592000000000002,2.6592000000000002,801.0
07/11/2012,11:23,2.7336,2.7336,2.7336,2.7336,2401.0
07/11/2012,11:24,2.7352,2.7352,2.7352,2.7352,17841.0
07/11/2012,11:31,2.7367999999999997,2.7367999999999997,2.7367999999999997,2.7367999999999997,5681.0
07/11/2012,11:43,2.7384,2.7384,2.58,2.58,12721.0
07/11/2012,11:44,2.5816,2.5816,2.5816,2.5816,72881.0
07/11/2012,11:45,2.5824,2.5824,2.5824,2.5824,64721.0
07/11/2012,11:46,2.5048,2.5048,2.5048,2.5048,134961.0
07/11/2012,11:49,2.508,2.74,2.5064,2.74,244641.0
07/11/2012,11:50,2.7416,2.7416,2.7416,2.7416,801.0
07/11/2012,12:10,2.588,2.588,2.5088,2.588,175681.0
07/11/2012,12:11,2.5896,2.5896,2.5896,2.5896,402561.0
07/11/2012,12:25,2.5911999999999997,2.5911999999999997,2.5904,2.5904,77201.0
07/11/2012,12:33,2.5128,2.5128,2.5128,2.5128,242721.0
07/11/2012,12:34,2.5944000000000003,2.5944000000000003,2.5944000000000003,2.5944000000000003,801.0
07/11/2012,12:38,2.5944000000000003,2.5952,2.5944000000000003,2.5952,16081.0
07/11/2012,13:24,2.5168,2.652,2.5168,2.652,76161.0
07/11/2012,13:38,2.8384,2.8384,2.8384,2.8384,8001.0
07/11/2012,14:36,2.76,2.76,2.76,2.76,3201.0
07/12/2012,09:30,2.84,2.84,2.76,2.76,37921.0
07/12/2012,09:32,2.76,2.76,2.76,2.76,801.0
07/12/2012,10:34,2.2800000000000002,2.2800000000000002,2.2800000000000002,2.2800000000000002,2401.0
07/12/2012,10:42,2.6,2.6,2.6,2.6,80001.0
07/12/2012,11:36,2.2800000000000002,2.2800000000000002,2.2800000000000002,2.2800000000000002,2401.0
07/12/2012,11:41,2.6,2.6,2.6,2.6,8001.0
07/12/2012,12:35,2.52,2.52,2.52,2.52,8001.0
07/12/2012,12:53,2.6,2.6,2.6,2.6,801.0
07/12/2012,13:39,2.52,2.52,2.52,2.52,24001.0
07/12/2012,13:57,2.52,2.5208,2.52,2.52,27201.0
07/12/2012,14:08,2.52,2.52,2.52,2.52,35201.0
07/12/2012,14:13,2.52,2.52,2.52,2.52,40001.0
07/12/2012,14:15,2.52,2.52,2.52,2.52,80001.0
07/12/2012,14:27,2.52,2.6,2.52,2.6,80801.0
07/12/2012,14:37,2.52,2.6,2.52,2.6,80801.0
07/12/2012,15:39,2.52,2.52,2.52,2.52,80001.0
07/12/2012,15:41,2.6,2.6,2.6,2.6,80001.0
07/13/2012,13:05,2.52,2.52,2.52,2.52,80001.0
07/13/2012,13:06,2.52,2.52,2.52,2.52,80001.0
07/13/2012,13:07,2.52,2.52,2.52,2.52,88001.0
07/13/2012,13:08,2.52,2.52,2.52,2.52,32001.0
07/13/2012,13:20,2.52,2.52,2.52,2.52,348801.0
07/13/2012,13:58,2.6,2.6,2.6,2.6,801.0
07/13/2012,14:22,2.5192,2.5192,2.5192,2.5192,801.0
07/13/2012,15:57,2.2,2.2,2.2,2.2,1041.0
07/16/2012,10:40,2.5608,2.5608,2.5608,2.5608,46721.0
07/16/2012,11:27,2.5608,2.5608,2.5608,2.5608,131681.0
07/16/2012,13:58,2.3144,2.3144,2.3144,2.3144,38961.0
07/16/2012,14:11,2.5608,2.5608,2.5608,2.5608,38961.0
07/16/2012,15:49,2.3144,2.3144,2.3144,2.3144,38961.0
07/16/2012,15:50,2.52,2.52,2.52,2.52,801.0
07/17/2012,09:32,2.52,2.52,2.52,2.52,1521.0
07/17/2012,09:45,2.4776,2.4776,2.4776,2.4776,99041.0
07/17/2012,10:01,2.476,2.476,2.476,2.476,801.0
07/17/2012,10:22,2.3928000000000003,2.3928000000000003,2.3928000000000003,2.3928000000000003,14081.0
07/17/2012,10:42,2.392,2.392,2.392,2.392,3921.0
07/17/2012,10:46,2.3904,2.3904,2.3904,2.3904,19521.0
07/17/2012,10:58,2.3072,2.3072,2.3072,2.3072,7841.0
07/17/2012,10:59,2.224,2.3056,2.224,2.3056,86241.0
07/17/2012,11:03,2.4672,2.4672,2.4672,2.4672,801.0
07/17/2012,11:38,2.2208,2.4656000000000002,2.2208,2.4656000000000002,8641.0
07/17/2012,12:12,2.2192,2.2192,2.2192,2.2192,11841.0
07/17/2012,12:20,2.38,2.38,2.38,2.38,801.0
07/17/2012,13:26,2.1352,2.2968,2.1352,2.2968,8721.0
07/17/2012,14:42,2.052,2.052,2.052,2.052,3921.0
07/17/2012,14:44,2.2527999999999997,2.2927999999999997,2.2527999999999997,2.2927999999999997,8721.0
07/17/2012,15:18,2.0488,2.2104,2.0488,2.2104,9521.0
07/17/2012,15:32,2.208,2.2880000000000003,2.208,2.2880000000000003,47681.0
07/17/2012,15:36,2.2056,2.2056,2.2056,2.2056,801.0
07/17/2012,15:40,2.2432,2.2832,2.2024,2.2024,52641.0
07/17/2012,15:44,1.88,1.88,1.88,1.88,801.0
07/17/2012,15:46,2.2800000000000002,2.2800000000000002,2.2800000000000002,2.2800000000000002,801.0
07/17/2012,15:52,2.12,2.12,2.12,2.12,20001.0
07/17/2012,15:53,2.2640000000000002,2.2800000000000002,2.2640000000000002,2.2800000000000002,25601.0
07/17/2012,15:57,2.12,2.2800000000000002,2.12,2.2800000000000002,48001.0
07/23/2012,15:24,2.1992000000000003,2.2008,2.04,2.04,28001.0
07/23/2012,15:25,2.2008,2.2008,2.2008,2.2008,801.0
07/24/2012,13:04,2.2,2.2,2.2,2.2,280001.0
07/24/2012,13:05,2.2,2.2,2.2,2.2,136641.0
07/24/2012,13:07,2.2,2.24,2.2,2.24,223361.0
07/24/2012,13:26,2.3600000000000003,2.3600000000000003,2.3600000000000003,2.3600000000000003,4001.0
07/24/2012,13:27,2.2,2.2,2.2,2.2,16001.0
07/24/2012,13:29,2.3600000000000003,2.3600000000000003,2.3600000000000003,2.3600000000000003,801.0
07/24/2012,14:20,2.2,2.3600000000000003,2.2,2.3600000000000003,23201.0
07/24/2012,14:35,2.3600000000000003,2.3600000000000003,2.3600000000000003,2.3600000000000003,9601.0
07/24/2012,14:45,2.12,2.12,2.12,2.12,24001.0
07/24/2012,14:46,2.12,2.2640000000000002,2.12,2.2640000000000002,104881.0
07/24/2012,15:01,2.04,2.04,2.04,2.04,20001.0
07/24/2012,15:10,2.2640000000000002,2.2640000000000002,2.2640000000000002,2.2640000000000002,9601.0
07/24/2012,15:23,2.04,2.04,2.04,2.04,1438401.0
07/24/2012,15:24,2.2,2.2,2.2,2.2,19201.0
07/24/2012,15:31,2.04,2.04,2.04,2.04,24001.0
07/24/2012,15:32,2.24,2.24,2.24,2.24,801.0
07/24/2012,15:54,2.04,2.2,2.04,2.2,52001.0
07/24/2012,15:57,2.184,2.2,2.184,2.2,200801.0
07/26/2012,11:03,2.2,2.2,2.2,2.2,4001.0
07/31/2012,09:39,2.2800000000000002,2.2800000000000002,2.2800000000000002,2.2800000000000002,72001.0
07/31/2012,09:57,2.2800000000000002,2.2800000000000002,2.2800000000000002,2.2800000000000002,80001.0
07/31/2012,10:05,2.2800000000000002,2.2800000000000002,2.2800000000000002,2.2800000000000002,50401.0
07/31/2012,10:06,2.6,2.6,2.6,2.6,801.0
07/31/2012,10:59,2.6,2.6799999999999997,2.6,2.6799999999999997,12641.0
07/31/2012,12:21,2.52,2.52,2.52,2.52,801.0
07/31/2012,14:24,2.44,2.44,2.44,2.44,1601.0
08/01/2012,09:39,1.96,1.96,1.96,1.96,400001.0
08/01/2012,09:42,2.2,2.2,2.2,2.2,200001.0
08/01/2012,09:46,2.3600000000000003,2.3600000000000003,2.3600000000000003,2.3600000000000003,801.0
08/01/2012,10:33,2.3600000000000003,2.3600000000000003,2.3600000000000003,2.3600000000000003,39201.0
08/01/2012,11:51,2.3600000000000003,2.3600000000000003,2.3600000000000003,2.3600000000000003,160001.0
08/01/2012,11:52,2.3600000000000003,2.3600000000000003,2.3600000000000003,2.3600000000000003,80001.0
08/01/2012,11:53,2.3600000000000003,2.92,2.3600000000000003,2.92,88801.0
08/01/2012,14:05,2.3600000000000003,2.3600000000000003,2.3600000000000003,2.3600000000000003,40001.0
08/01/2012,14:52,2.3600000000000003,2.3600000000000003,2.3600000000000003,2.3600000000000003,40001.0
08/01/2012,15:14,2.3600000000000003,2.3600000000000003,2.3600000000000003,2.3600000000000003,40001.0
08/01/2012,15:23,2.224,2.3600000000000003,2.224,2.3600000000000003,199201.0
08/01/2012,15:33,2.3600000000000003,2.3600000000000003,2.3600000000000003,2.3600000000000003,17681.0
08/01/2012,15:37,2.3600000000000003,2.3600000000000003,2.3600000000000003,2.3600000000000003,20001.0
08/01/2012,15:42,2.3600000000000003,2.3600000000000003,2.3600000000000003,2.3600000000000003,5601.0
08/01/2012,15:44,2.84,2.84,2.84,2.84,801.0
08/02/2012,10:30,2.3600000000000003,2.3600000000000003,2.3600000000000003,2.3600000000000003,40001.0
08/02/2012,10:31,2.3600000000000003,2.3600000000000003,2.3600000000000003,2.3600000000000003,360001.0
08/02/2012,10:33,2.44,2.44,2.44,2.44,240001.0
08/02/2012,13:58,2.12,2.12,2.12,2.12,160001.0
08/02/2012,13:59,2.44,2.44,2.44,2.44,801.0
08/02/2012,15:08,2.3600000000000003,2.3600000000000003,2.3600000000000003,2.3600000000000003,80001.0
08/02/2012,15:17,2.2800000000000002,2.2800000000000002,2.2800000000000002,2.2800000000000002,80001.0
08/02/2012,15:21,2.44,2.44,2.44,2.44,801.0
08/06/2012,10:02,2.2800000000000002,2.2800000000000002,2.2800000000000002,2.2800000000000002,240001.0
08/06/2012,10:03,2.6,2.6,2.6,2.6,801.0
08/06/2012,14:04,2.6,2.6,2.6,2.6,240001.0
08/06/2012,14:05,2.6,2.6,2.6,2.6,240801.0
08/06/2012,14:23,2.6,2.6,2.6,2.6,388401.0
08/07/2012,10:29,2.6,2.6,2.6,2.6,400001.0
08/07/2012,15:22,2.52,2.52,2.52,2.52,200001.0
08/07/2012,15:59,2.6,2.6,2.6,2.6,801.0
08/08/2012,09:31,2.6799999999999997,2.6799999999999997,2.6799999999999997,2.6799999999999997,801.0
08/08/2012,10:08,2.44,2.44,2.44,2.44,8001.0
08/08/2012,10:20,2.6,2.6,2.6,2.6,801.0
08/09/2012,11:03,2.6,2.6,2.6,2.6,160001.0
08/09/2012,11:22,2.6,2.6,2.6,2.6,208801.0
08/09/2012,11:30,2.6,2.6,2.6,2.6,80001.0
08/09/2012,11:31,2.6799999999999997,2.6799999999999997,2.6799999999999997,2.6799999999999997,801.0
08/09/2012,11:55,2.5991999999999997,2.6,2.5991999999999997,2.6,40001.0
08/09/2012,12:21,2.6,2.6,2.6,2.6,1601.0
08/09/2012,12:27,2.6,2.6,2.6,2.6,40001.0
08/09/2012,14:13,2.56,2.6,2.56,2.6,54401.0
08/09/2012,15:38,2.56,2.6,2.56,2.6,80001.0
08/09/2012,15:40,2.6,2.6,2.6,2.6,80001.0
08/10/2012,10:33,2.6799999999999997,2.6799999999999997,2.6799999999999997,2.6799999999999997,801.0
08/14/2012,10:25,2.6799999999999997,2.6799999999999997,2.6799999999999997,2.6799999999999997,56001.0
08/14/2012,10:35,2.6799999999999997,2.6799999999999997,2.6799999999999997,2.6799999999999997,4801.0
08/14/2012,10:56,2.6799999999999997,2.6799999999999997,2.6799999999999997,2.6799999999999997,4001.0
08/14/2012,11:21,2.6799999999999997,2.6799999999999997,2.6799999999999997,2.6799999999999997,4801.0
08/14/2012,11:50,2.6799999999999997,2.6799999999999997,2.6799999999999997,2.6799999999999997,4801.0
08/14/2012,12:00,2.3600000000000003,2.3600000000000003,2.3600000000000003,2.3600000000000003,160001.0
08/14/2012,12:01,2.6799999999999997,2.6799999999999997,2.6799999999999997,2.6799999999999997,14401.0
08/14/2012,12:33,2.6799999999999997,2.6799999999999997,2.6799999999999997,2.6799999999999997,4001.0
08/14/2012,12:58,2.6799999999999997,2.6799999999999997,2.6799999999999997,2.6799999999999997,4001.0
08/14/2012,13:29,2.6799999999999997,2.6799999999999997,2.6799999999999997,2.6799999999999997,4001.0
08/14/2012,13:58,2.6799999999999997,2.6799999999999997,2.6799999999999997,2.6799999999999997,4001.0
08/14/2012,14:18,2.6799999999999997,2.6799999999999997,2.6799999999999997,2.6799999999999997,3201.0
08/14/2012,14:36,2.6799999999999997,2.6799999999999997,2.6799999999999997,2.6799999999999997,3201.0
08/14/2012,14:50,2.6799999999999997,2.6799999999999997,2.6799999999999997,2.6799999999999997,2401.0
08/14/2012,15:01,2.6799999999999997,2.6799999999999997,2.6799999999999997,2.6799999999999997,2401.0
08/14/2012,15:11,2.6799999999999997,2.6799999999999997,2.6799999999999997,2.6799999999999997,2401.0
08/14/2012,15:20,2.6799999999999997,2.6799999999999997,2.6799999999999997,2.6799999999999997,2401.0
08/14/2012,15:29,2.6799999999999997,2.6799999999999997,2.6799999999999997,2.6799999999999997,2401.0
08/14/2012,15:36,2.6799999999999997,2.6799999999999997,2.6799999999999997,2.6799999999999997,2401.0
08/14/2012,15:43,2.6799999999999997,2.6799999999999997,2.6799999999999997,2.6799999999999997,2401.0
08/14/2012,15:50,2.6799999999999997,2.6799999999999997,2.6799999999999997,2.6799999999999997,801.0
08/14/2012,15:54,2.6799999999999997,2.6799999999999997,2.6799999999999997,2.6799999999999997,801.0
08/14/2012,15:56,2.6,2.6,2.6,2.6,21601.0
08/14/2012,15:57,2.6,2.6,2.6,2.6,1601.0
08/14/2012,15:58,2.6799999999999997,2.6799999999999997,2.6799999999999997,2.6799999999999997,801.0
08/14/2012,15:59,2.6799999999999997,2.6799999999999997,2.6799999999999997,2.6799999999999997,801.0
08/15/2012,10:42,2.6,3.0,2.6,3.0,208001.0
08/15/2012,10:58,3.0,3.0,3.0,3.0,4801.0
08/15/2012,11:25,3.0,3.0,3.0,3.0,4001.0
08/15/2012,11:31,3.0,3.0,3.0,3.0,30401.0
08/15/2012,11:51,3.72,3.72,3.72,3.72,4801.0
08/15/2012,12:19,3.64,3.64,3.64,3.64,4001.0
08/15/2012,12:54,3.64,3.64,3.64,3.64,4001.0
08/15/2012,13:22,3.64,3.64,3.64,3.64,3201.0
08/15/2012,13:27,3.0,3.0,3.0,3.0,801.0
08/15/2012,13:41,2.92,3.56,2.92,3.56,82401.0
08/15/2012,13:48,3.4,3.4,3.4,3.4,3201.0
08/15/2012,14:09,3.4,3.4,3.4,3.4,2401.0
08/15/2012,14:13,3.4,3.4,3.4,3.4,1601.0
08/15/2012,14:27,3.4,3.4,3.4,3.4,2401.0
08/15/2012,14:43,3.4,3.4,3.4,3.4,2401.0
08/15/2012,14:57,3.4,3.4,3.4,3.4,2401.0
08/15/2012,15:10,3.4,3.4,3.4,3.4,2401.0
08/15/2012,15:21,3.4,3.4,3.4,3.4,2401.0
08/15/2012,15:31,3.4,3.4,3.4,3.4,2401.0
08/15/2012,15:37,3.4,3.56,3.4,3.56,19201.0
08/15/2012,15:41,3.56,3.56,3.56,3.56,2401.0
08/15/2012,15:49,3.56,3.56,3.56,3.56,801.0
08/15/2012,15:52,3.56,3.56,3.56,3.56,1601.0
08/15/2012,15:57,3.56,3.56,3.56,3.56,801.0
08/15/2012,15:58,3.56,3.56,3.56,3.56,801.0
08/15/2012,15:59,3.56,3.56,3.56,3.56,801.0
08/16/2012,11:41,3.48,3.48,3.48,3.48,801.0
08/16/2012,11:43,3.8024,3.8024,3.8024,3.8024,801.0
08/16/2012,13:31,4.0416,4.0416,4.0416,4.0416,801.0
08/16/2012,14:44,3.24,4.04,3.16,4.04,240801.0
08/16/2012,15:01,3.16,4.04,3.16,4.04,201601.0
08/16/2012,15:02,3.4,3.4,3.4,3.4,801.0
08/16/2012,15:05,4.04,4.04,4.04,4.04,801.0
08/16/2012,15:14,3.4,3.4,3.4,3.4,801.0
08/16/2012,15:18,4.04,4.04,4.04,4.04,801.0
08/16/2012,15:28,3.96,4.04,3.96,4.04,65601.0
08/16/2012,15:29,4.04,4.6,4.04,4.6,1601.0
08/16/2012,15:30,3.48,4.92,3.48,4.92,322801.0
08/17/2012,09:30,4.92,4.92,2.84,4.92,28001.0
08/17/2012,09:43,4.6,4.92,4.6,4.92,1601.0
08/21/2012,15:16,4.04,4.04,4.04,4.04,16001.0
08/22/2012,09:30,3.48,4.92,3.0,4.92,20801.0
08/22/2012,10:39,4.6,4.6,4.6,4.6,8001.0
08/28/2012,09:30,3.24,4.2,3.24,4.2,20001.0
08/28/2012,15:43,4.359999999999999,4.359999999999999,4.359999999999999,4.359999999999999,4001.0
08/28/2012,15:46,4.279999999999999,4.279999999999999,4.279999999999999,4.279999999999999,8001.0
08/30/2012,10:00,3.4,3.4,3.4,3.4,25601.0
08/30/2012,10:03,3.4,3.4,3.4,3.4,1601.0
08/30/2012,10:25,3.3992,3.4,3.3992,3.4,22401.0
08/30/2012,10:32,3.3992,3.4,3.3992,3.4,20001.0
08/30/2012,10:33,3.3992,3.4,3.3992,3.4,40001.0
08/30/2012,10:43,3.32,3.32,3.32,3.32,8801.0
08/31/2012,15:52,3.4,3.4,3.4,3.4,4001.0
09/04/2012,15:35,3.4,3.4,3.4,3.4,2401.0
09/05/2012,14:47,3.16,3.16,3.16,3.16,3201.0
09/05/2012,14:56,3.4,3.4,3.4,3.4,4001.0
09/06/2012,15:41,3.4,3.4,3.4,3.4,2401.0
09/07/2012,15:44,3.4,3.4,3.4,3.4,1601.0
09/10/2012,15:35,3.4,3.4,3.4,3.4,1601.0
09/11/2012,14:37,3.4,3.4,3.4,3.4,3201.0
09/11/2012,14:38,3.4,3.4,3.4,3.4,76801.0
09/13/2012,13:57,3.08,3.08,3.08,3.08,1601.0
09/13/2012,13:58,3.08,3.08,3.08,3.08,32001.0
09/13/2012,14:42,3.4,3.4,3.4,3.4,801.0
09/17/2012,13:10,3.08,3.4,3.08,3.4,160801.0
09/17/2012,14:03,3.4,3.4,3.3992,3.3992,32001.0
09/17/2012,15:36,3.0,3.4,3.0,3.4,80801.0
09/17/2012,15:50,3.0,3.0,3.0,3.0,120001.0
09/17/2012,15:57,3.0,3.0,2.9992,2.9992,16001.0
09/17/2012,15:58,3.0,3.0,3.0,3.0,32001.0
09/17/2012,15:59,3.0,3.0,2.9992,3.0,51201.0
09/18/2012,10:03,3.0,3.0,3.0,3.0,12801.0
09/18/2012,10:12,3.0,3.0,3.0,3.0,200001.0
09/18/2012,10:56,3.4,3.4,3.4,3.4,801.0
09/18/2012,11:41,3.0,3.0,3.0,3.0,241601.0
09/18/2012,12:50,3.0,3.0,3.0,3.0,158401.0
09/18/2012,12:51,3.0,3.4,3.0,3.4,5601.0
09/18/2012,12:59,3.16,3.16,3.08,3.08,80001.0
09/18/2012,13:01,3.0,3.0,3.0,3.0,160001.0
09/18/2012,13:10,3.0,3.0,3.0,3.0,8001.0
09/19/2012,10:28,3.32,3.32,3.32,3.32,801.0
09/19/2012,13:09,2.96,2.96,2.92,2.92,14401.0
09/19/2012,13:13,2.92,2.92,2.92,2.92,16001.0
09/20/2012,11:09,3.0,3.0,3.0,3.0,136001.0
09/20/2012,11:14,3.0,3.0,3.0,3.0,24001.0
09/20/2012,11:19,3.0,3.0,3.0,3.0,801.0
09/20/2012,11:24,2.92,2.92,2.92,2.92,160001.0
09/20/2012,13:32,2.84,2.84,2.84,2.84,4001.0
09/21/2012,14:55,3.0,3.0,3.0,3.0,801.0
09/24/2012,12:10,3.24,3.24,3.24,3.24,801.0
09/25/2012,12:26,2.92,2.92,2.92,2.92,8001.0
09/25/2012,12:30,2.92,3.24,2.92,2.92,31841.0
09/25/2012,12:31,2.92,2.92,2.92,2.92,801.0
09/25/2012,12:35,2.84,2.84,2.84,2.84,801.0
09/25/2012,13:52,2.92,2.92,2.92,2.92,4001.0
09/25/2012,14:23,2.92,3.24,2.92,3.24,28641.0
09/25/2012,15:23,2.92,2.92,2.92,2.92,801.0
09/25/2012,15:51,3.24,3.24,3.24,3.24,801.0
09/25/2012,15:54,2.92,2.92,2.92,2.92,801.0
09/26/2012,11:09,3.16,3.16,3.16,3.16,801.0
09/27/2012,09:51,3.16,3.16,3.16,3.16,20001.0
09/28/2012,10:40,2.6799999999999997,2.6799999999999997,2.6639999999999997,2.6639999999999997,7201.0
09/28/2012,10:57,2.6,2.6,2.6,2.6,16801.0
09/28/2012,11:04,2.6,2.6,2.6,2.6,23201.0
09/28/2012,11:06,2.6,2.6,2.6,2.6,56801.0
09/28/2012,11:17,2.6,2.6,2.6,2.6,80001.0
09/28/2012,11:18,2.6,2.6,2.6,2.6,80001.0
09/28/2012,11:19,2.6,2.6,2.6,2.6,23201.0
09/28/2012,11:26,2.6,2.6,2.6,2.6,120001.0
09/28/2012,11:27,2.6,2.6,2.6,2.6,285601.0
09/28/2012,15:48,3.08,3.08,3.08,3.08,2401.0
10/02/2012,10:57,3.16,3.16,3.16,3.16,2641.0
10/05/2012,14:57,3.08,3.16,3.08,3.16,13601.0
10/08/2012,13:16,2.92,3.88,2.84,3.88,281601.0
10/10/2012,15:07,3.96,3.96,3.88,3.88,9841.0
10/10/2012,15:32,3.3184,3.3184,3.3184,3.3184,3201.0
10/10/2012,15:33,3.0,3.948,3.0,3.948,4001.0
10/10/2012,15:34,3.3928,3.3928,3.3928,3.3928,639921.0
10/10/2012,15:55,3.3952,3.3952,3.3952,3.3952,801.0
10/10/2012,15:56,3.3976,3.3976,3.3976,3.3976,39201.0
10/10/2012,15:59,3.936,3.96,3.936,3.96,13361.0
10/15/2012,14:15,3.0768,3.0768,2.9968,2.9968,5601.0
10/15/2012,14:16,3.0768,3.6992,3.0768,3.6992,4001.0
10/15/2012,14:17,3.6992,3.6992,3.6992,3.6992,3201.0
10/15/2012,14:18,3.6992,3.6992,3.6992,3.6992,801.0
10/15/2012,14:34,3.6992,3.6992,3.6992,3.6992,801.0
10/15/2012,14:49,3.6992,3.6992,3.6992,3.6992,801.0
10/17/2012,15:53,3.7952,3.7952,3.7952,3.7952,1601.0
10/19/2012,09:53,3.7952,3.7952,3.7952,3.7952,801.0
10/26/2012,12:33,2.1984,2.1984,2.1984,2.1984,1601.0
10/26/2012,12:37,3.7952,3.7952,3.7952,3.7952,40081.0
11/07/2012,09:49,3.7952,3.7952,3.7952,3.7952,1601.0
11/08/2012,09:50,3.7952,3.7952,3.7952,3.7952,801.0
11/15/2012,09:30,2.6776,2.6776,2.6776,2.6776,60081.0
11/15/2012,09:31,2.2776,2.2776,2.2776,2.2776,40081.0
11/15/2012,09:32,1.8864,1.8864,1.8864,1.8864,39281.0
11/15/2012,09:33,1.7984,1.7984,1.7984,1.7984,80161.0
11/15/2012,09:38,1.4072,1.4072,1.4072,1.4072,24001.0
11/15/2012,11:42,1.7191999999999998,1.7984,1.7191999999999998,1.7984,160241.0
11/15/2012,12:48,1.7984,1.7984,1.7984,1.7984,40081.0
11/15/2012,12:55,1.3992,1.3992,1.3992,1.3992,160241.0
11/15/2012,13:02,1.3992,1.3992,1.3992,1.3992,80161.0
11/15/2012,13:23,1.3992,1.3992,1.3992,1.3992,30561.0
11/15/2012,13:25,1.3992,1.3992,1.3992,1.3992,185841.0
11/15/2012,14:15,1.3192,1.3192,1.3192,1.3192,80161.0
11/15/2012,14:16,1.24,1.24,1.16,1.16,322161.0
11/15/2012,14:17,1.16,1.16,1.16,1.16,113761.0
11/15/2012,14:25,1.16,1.16,1.16,1.16,77761.0
11/15/2012,14:28,1.16,1.16,1.16,1.16,80161.0
11/15/2012,14:58,1.16,1.16,1.16,1.16,160241.0
11/15/2012,15:02,1.06,1.06,1.06,1.06,51281.0
11/15/2012,15:03,1.16,1.16,1.16,1.16,198721.0
11/15/2012,15:32,1.12,1.12,1.12,1.12,160241.0
11/15/2012,15:36,1.08,1.08,1.08,1.08,136241.0
11/15/2012,15:40,1.08,1.08,1.08,1.08,400641.0
11/15/2012,15:41,1.08,1.08,1.08,1.08,43281.0
11/15/2012,15:53,1.08,1.08,1.08,1.08,138641.0
11/15/2012,15:55,1.08,1.08,1.08,1.08,80161.0
