02/01/2012,09:45,157.8,158.0,157.8,158.0,6008.0
02/02/2012,10:39,158.0,158.0,158.0,158.0,7008.0
02/02/2012,15:48,155.5,155.5,155.0,155.0,12008.0
02/03/2012,11:01,160.6,160.7,160.6,160.6,8008.0
02/03/2012,11:14,159.0,159.0,159.0,159.0,1008.0
02/03/2012,11:16,155.0,155.0,155.0,155.0,3008.0
02/03/2012,11:42,155.0,155.0,155.0,155.0,4008.0
02/06/2012,11:37,155.6,155.6,155.6,155.6,23008.0
02/06/2012,15:14,157.0,157.0,157.0,157.0,1008.0
02/06/2012,15:15,156.0,156.0,155.89999999999998,155.89999999999998,11008.0
02/06/2012,15:16,155.89999999999998,155.89999999999998,155.89999999999998,155.89999999999998,18008.0
02/06/2012,15:41,156.0,156.0,155.89999999999998,155.89999999999998,42008.0
02/06/2012,15:42,155.89999999999998,155.89999999999998,155.89999999999998,155.89999999999998,1008.0
02/06/2012,15:43,155.75,155.75,155.7,155.7,4408.0
02/06/2012,15:50,156.0,156.0,156.0,156.0,1008.0
02/08/2012,10:59,155.79999999999998,155.79999999999998,155.79999999999998,155.79999999999998,1008.0
02/08/2012,11:00,155.79999999999998,155.79999999999998,155.79999999999998,155.79999999999998,54008.0
02/08/2012,11:07,156.4,156.4,156.4,156.4,14008.0
02/08/2012,11:25,156.4,156.4,156.4,156.4,23008.0
02/08/2012,12:50,156.4,156.4,156.4,156.4,19008.0
02/08/2012,13:05,158.39999999999998,158.39999999999998,158.39999999999998,158.39999999999998,1008.0
02/10/2012,10:17,158.0,158.0,158.0,158.0,10008.0
02/10/2012,14:51,158.0,158.0,158.0,158.0,1008.0
02/13/2012,11:31,157.9,157.9,157.9,157.9,2008.0
02/13/2012,15:28,157.75,158.0,157.75,158.0,3008.0
02/13/2012,15:31,158.1,158.2,158.1,158.2,7008.0
02/16/2012,14:37,158.1,158.1,158.1,158.1,1008.0
02/16/2012,14:38,158.1,158.1,158.0,158.0,12008.0
02/16/2012,14:50,158.0,158.0,158.0,158.0,4008.0
02/16/2012,15:07,158.0,158.0,158.0,158.0,18008.0
02/16/2012,15:50,157.9,158.0,157.9,158.0,8008.0
02/17/2012,10:05,162.8,162.8,162.8,162.8,2008.0
02/17/2012,15:28,162.9,162.9,162.9,162.9,2008.0
02/17/2012,16:41,161.4,161.4,161.4,161.4,1008.0
02/21/2012,09:30,159.6,159.6,159.6,159.6,1008.0
02/21/2012,09:57,159.9,159.9,159.9,159.9,1008.0
02/21/2012,15:05,158.0,158.0,158.0,158.0,11008.0
02/21/2012,15:54,162.9,163.9,162.9,162.9,186508.0
02/21/2012,15:55,163.8,164.5,163.8,163.9,3008.0
02/22/2012,14:41,165.89999999999998,170.7,165.89999999999998,170.7,7508.0
02/22/2012,14:52,165.38,165.5,165.38,165.5,6308.0
02/22/2012,15:05,164.0,164.0,164.0,164.0,4808.0
02/22/2012,15:13,165.5,165.5,165.5,165.5,6208.0
02/22/2012,15:17,163.0,163.0,163.0,163.0,7508.0
02/22/2012,15:23,163.0,163.0,163.0,163.0,37308.0
02/22/2012,15:44,166.6,166.6,166.5,166.6,10008.0
02/22/2012,15:45,166.62,166.93,166.5,166.93,6008.0
02/22/2012,15:59,166.6,166.6,166.5,166.5,20608.0
02/23/2012,11:28,170.2,171.0,170.2,170.2,62008.0
02/23/2012,12:33,170.3,170.3,170.0,170.0,10108.0
02/23/2012,12:39,172.7,172.7,170.0,170.0,11008.0
02/23/2012,15:15,175.77,175.77,175.77,175.77,6008.0
02/23/2012,15:59,175.8,175.8,175.8,175.8,1008.0
02/24/2012,13:22,168.0,168.0,167.0,167.0,9908.0
02/27/2012,13:17,165.5,165.5,165.5,165.5,2408.0
02/27/2012,13:19,165.5,165.5,165.5,165.5,6008.0
02/27/2012,13:40,165.5,165.5,165.5,165.5,6008.0
02/27/2012,13:50,165.5,165.5,165.5,165.5,3008.0
02/27/2012,14:02,165.5,165.5,165.5,165.5,6008.0
02/27/2012,14:20,165.5,165.5,165.5,165.5,5008.0
02/27/2012,14:23,165.5,165.5,165.5,165.5,9308.0
02/27/2012,14:54,173.0,173.0,173.0,173.0,6008.0
02/28/2012,14:06,171.5,174.70000000000002,171.5,174.70000000000002,45008.0
02/28/2012,15:35,175.39999999999998,176.70000000000002,175.39999999999998,175.39999999999998,8008.0
02/28/2012,15:45,171.79999999999998,171.79999999999998,171.79999999999998,171.79999999999998,2008.0
02/28/2012,15:55,170.5,170.5,170.5,170.5,2008.0
02/29/2012,13:32,165.5,165.5,165.5,165.5,21008.0
02/29/2012,13:42,165.7,165.7,165.5,165.5,9708.0
03/01/2012,10:07,165.5,165.5,165.5,165.5,10008.0
03/01/2012,10:08,165.5,165.5,165.5,165.5,4808.0
03/01/2012,10:29,173.39999999999998,174.29999999999998,173.39999999999998,174.29999999999998,61808.0
03/01/2012,10:30,174.20000000000002,174.29999999999998,174.20000000000002,174.29999999999998,26008.0
03/01/2012,10:31,174.0,174.29999999999998,174.0,174.29999999999998,48008.0
03/01/2012,11:16,168.10000000000002,168.10000000000002,168.0,168.0,8008.0
03/01/2012,15:33,168.10000000000002,168.10000000000002,168.10000000000002,168.10000000000002,2008.0
03/06/2012,10:07,165.5,165.5,165.5,165.5,1008.0
03/07/2012,12:49,165.5,165.5,165.5,165.5,4008.0
03/07/2012,12:50,165.5,165.5,165.5,165.5,4008.0
03/07/2012,13:38,163.6,163.6,163.5,163.5,18008.0
03/07/2012,14:04,163.2,163.2,163.2,163.2,11008.0
03/07/2012,14:39,165.4,165.4,165.4,165.4,5008.0
03/07/2012,15:47,164.0,164.0,164.0,164.0,5008.0
03/08/2012,12:24,169.20000000000002,170.5,169.20000000000002,170.5,16008.0
03/08/2012,12:25,170.39999999999998,173.0,170.39999999999998,173.0,16008.0
03/09/2012,15:33,171.4,171.5,171.4,171.5,4008.0
03/14/2012,13:25,163.0,164.0,163.0,164.0,5908.0
03/14/2012,14:52,171.5,176.9,171.5,176.9,57608.0
03/14/2012,14:53,176.9,176.9,176.9,176.9,2408.0
03/19/2012,13:59,170.5,170.5,170.5,170.5,7508.0
03/19/2012,14:33,175.89999999999998,175.89999999999998,175.89999999999998,175.89999999999998,1008.0
03/19/2012,15:09,170.5,170.5,170.5,170.5,2008.0
03/21/2012,10:08,170.5,170.5,170.5,170.5,1008.0
03/21/2012,10:36,170.5,170.5,170.5,170.5,10408.0
03/21/2012,10:57,168.10000000000002,168.10000000000002,168.10000000000002,168.10000000000002,2408.0
03/21/2012,11:37,166.0,166.0,166.0,166.0,3008.0
03/21/2012,12:00,167.0,167.0,167.0,167.0,1008.0
03/21/2012,14:12,168.0,168.0,168.0,168.0,32008.0
03/22/2012,14:23,168.0,168.0,168.0,168.0,64008.0
03/22/2012,15:31,168.0,168.0,168.0,168.0,5108.0
03/23/2012,14:49,166.2,166.4,166.1,166.4,5008.0
03/23/2012,14:50,166.1,166.1,166.1,166.1,5008.0
03/23/2012,15:37,169.0,169.0,169.0,169.0,1008.0
03/26/2012,13:13,171.0,171.0,171.0,171.0,5008.0
03/26/2012,13:14,171.0,171.0,171.0,171.0,1008.0
04/02/2012,12:41,173.0,176.5,170.89999999999998,173.0,131508.0
04/03/2012,12:01,176.5,176.5,176.5,176.5,2008.0
04/04/2012,10:00,169.1,169.1,166.2,166.2,11008.0
04/05/2012,15:53,168.0,168.0,168.0,168.0,2008.0
04/10/2012,12:17,165.5,165.7,165.5,165.7,2808.0
04/10/2012,14:11,165.5,165.5,162.1,162.1,16008.0
04/11/2012,14:48,163.7,163.7,163.7,163.7,2008.0
04/12/2012,12:06,162.70000000000002,164.0,162.70000000000002,162.70000000000002,8008.0
04/12/2012,12:07,162.70000000000002,162.70000000000002,162.70000000000002,162.70000000000002,17008.0
04/17/2012,10:34,165.20000000000002,165.20000000000002,165.20000000000002,165.20000000000002,2008.0
04/17/2012,10:42,164.6,164.6,164.6,164.6,2008.0
04/17/2012,10:50,164.6,164.6,164.6,164.6,1008.0
04/18/2012,15:12,163.1,163.1,163.1,163.1,11008.0
04/19/2012,13:37,162.5,162.5,162.5,162.5,5608.0
04/19/2012,13:46,162.60000000000002,162.60000000000002,162.60000000000002,162.60000000000002,12008.0
04/19/2012,14:08,162.9,162.9,162.9,162.9,20008.0
04/23/2012,09:30,172.5,172.5,172.5,172.5,1008.0
04/23/2012,09:51,169.1,169.1,169.1,169.1,1008.0
04/23/2012,09:54,171.5,171.5,171.5,171.5,1008.0
04/23/2012,15:09,168.0,168.0,167.70000000000002,168.0,3008.0
04/23/2012,15:48,162.60000000000002,163.0,162.60000000000002,162.60000000000002,8008.0
04/24/2012,09:30,162.0,162.0,162.0,162.0,2008.0
04/25/2012,12:46,163.29999999999998,163.29999999999998,163.29999999999998,163.29999999999998,1008.0
04/25/2012,12:47,163.29999999999998,163.39999999999998,163.29999999999998,163.39999999999998,2008.0
04/26/2012,13:59,165.5,165.5,165.5,165.5,1008.0
04/26/2012,14:26,165.5,165.5,165.5,165.5,10908.0
04/26/2012,14:28,165.5,165.5,165.5,165.5,6008.0
05/02/2012,10:15,170.39999999999998,170.39999999999998,170.39999999999998,170.39999999999998,2208.0
05/04/2012,09:59,165.5,165.5,165.5,165.5,10008.0
05/08/2012,15:00,167.8,168.79999999999998,167.60000000000002,167.9,34108.0
05/08/2012,15:01,170.39999999999998,170.5,170.39999999999998,170.5,6008.0
05/10/2012,14:21,170.39999999999998,170.5,170.39999999999998,170.5,51008.0
05/11/2012,09:30,170.5,170.5,170.5,170.5,1008.0
05/16/2012,12:39,160.7,160.7,160.7,160.7,1008.0
05/16/2012,14:30,169.5,169.5,169.5,169.5,50908.0
05/16/2012,14:42,169.5,169.5,169.5,169.5,24008.0
05/16/2012,14:54,169.5,169.5,169.5,169.5,22008.0
05/21/2012,15:11,162.70000000000002,163.0,162.70000000000002,163.0,2008.0
05/21/2012,15:12,163.0,163.0,163.0,163.0,1008.0
05/22/2012,13:58,160.0,160.0,158.0,158.0,50008.0
05/22/2012,13:59,162.3,162.3,162.3,162.3,2008.0
05/22/2012,14:00,158.1,158.5,158.0,158.0,50008.0
05/22/2012,14:05,159.0,159.0,159.0,159.0,6008.0
05/22/2012,14:57,162.1,162.1,162.1,162.1,1008.0
05/22/2012,14:58,162.1,162.8,162.1,162.8,2008.0
05/22/2012,15:35,162.4,162.4,162.4,162.4,2008.0
05/23/2012,10:05,156.1,156.1,156.1,156.1,1008.0
05/23/2012,14:07,156.5,156.5,156.1,156.1,28008.0
05/23/2012,14:10,156.25,156.5,156.0,156.0,25008.0
05/23/2012,14:11,156.1,156.6,156.0,156.0,20008.0
05/23/2012,14:18,156.4,156.4,156.0,156.05,24208.0
05/23/2012,14:19,156.5,156.5,156.5,156.5,1008.0
05/23/2012,15:47,158.1,158.1,157.5,157.5,12008.0
05/23/2012,15:49,157.60000000000002,157.60000000000002,157.60000000000002,157.60000000000002,2008.0
05/24/2012,15:08,156.3,156.3,156.3,156.3,9008.0
05/24/2012,15:45,156.0,156.0,156.0,156.0,13108.0
05/24/2012,15:54,161.8,165.7,161.8,165.7,13008.0
05/24/2012,19:43,163.9,163.9,163.9,163.9,1008.0
05/25/2012,09:30,162.70000000000002,162.70000000000002,162.70000000000002,162.70000000000002,1008.0
05/25/2012,10:28,158.39999999999998,158.39999999999998,158.39999999999998,158.39999999999998,1008.0
05/25/2012,14:26,158.9,158.9,158.9,158.9,2008.0
05/30/2012,12:06,156.4,156.4,156.4,156.4,2008.0
05/30/2012,12:12,156.0,156.0,156.0,156.0,2308.0
05/30/2012,12:59,157.4,157.4,157.3,157.3,2008.0
05/30/2012,14:05,157.4,157.4,157.4,157.4,1008.0
05/31/2012,09:46,158.0,158.0,158.0,158.0,1008.0
05/31/2012,10:28,156.1,156.1,156.1,156.1,2308.0
05/31/2012,11:24,157.4,157.9,157.4,157.9,2008.0
06/01/2012,15:14,158.0,158.0,158.0,158.0,3008.0
06/04/2012,12:11,153.0,153.0,153.0,153.0,5008.0
06/04/2012,15:45,154.0,154.0,154.0,154.0,2008.0
06/07/2012,15:38,165.0,165.0,165.0,165.0,5008.0
06/07/2012,15:39,164.9,165.0,164.9,164.9,12008.0
06/07/2012,15:40,164.7,165.0,164.7,165.0,163808.0
06/07/2012,15:44,162.9,164.9,162.9,164.5,8008.0
06/07/2012,15:45,164.8,164.8,164.8,164.8,1008.0
06/08/2012,09:30,163.0,163.0,163.0,163.0,1008.0
06/08/2012,11:28,162.4,162.4,162.4,162.4,1008.0
06/08/2012,14:47,163.39999999999998,163.39999999999998,163.39999999999998,163.39999999999998,2008.0
06/08/2012,14:58,163.29999999999998,163.29999999999998,163.29999999999998,163.29999999999998,1008.0
06/11/2012,10:52,158.29999999999998,158.29999999999998,156.0,156.0,36008.0
06/11/2012,10:55,156.0,156.0,156.0,156.0,2008.0
06/11/2012,14:53,158.0,158.0,158.0,158.0,1008.0
06/11/2012,14:57,158.1,158.1,158.1,158.1,9508.0
06/12/2012,13:16,158.0,158.0,158.0,158.0,1008.0
06/13/2012,15:49,163.9,165.0,163.9,164.4,76108.0
06/13/2012,15:50,164.7,165.0,164.7,165.0,33008.0
06/15/2012,15:16,168.0,168.0,168.0,168.0,2008.0
06/19/2012,14:31,168.0,168.0,168.0,168.0,3008.0
06/26/2012,15:45,165.5,165.5,165.5,165.5,3008.0
06/29/2012,10:58,163.0,163.0,163.0,163.0,8908.0
07/02/2012,13:32,160.7,160.7,160.7,160.7,1008.0
07/03/2012,09:30,163.9,163.9,163.9,163.9,1008.0
07/03/2012,11:52,171.4,171.4,171.4,171.4,1008.0
07/03/2012,12:32,168.0,168.0,168.0,168.0,1008.0
07/11/2012,09:48,168.3,168.3,160.4,160.4,27708.0
07/11/2012,09:56,168.0,168.0,168.0,168.0,1008.0
07/11/2012,15:41,179.4,179.4,179.4,179.4,1008.0
07/13/2012,15:07,177.5,177.5,177.5,177.5,1008.0
07/16/2012,15:30,165.5,165.5,165.5,165.5,1008.0
07/16/2012,15:45,165.5,165.5,165.5,165.5,3008.0
07/18/2012,12:38,160.79999999999998,160.79999999999998,160.79999999999998,160.79999999999998,2008.0
07/18/2012,15:01,164.8,164.8,164.8,164.8,2008.0
07/23/2012,11:26,156.5,163.5,153.8,163.0,76308.0
07/23/2012,12:03,158.8,158.8,158.8,158.8,1008.0
07/23/2012,12:12,158.02,158.02,158.02,158.02,1008.0
07/23/2012,15:49,166.5,166.5,166.5,166.5,1008.0
07/24/2012,10:57,163.0,163.0,163.0,163.0,7008.0
07/26/2012,13:44,163.0,163.0,163.0,163.0,23708.0
07/26/2012,13:55,163.0,163.0,163.0,163.0,1008.0
07/26/2012,15:06,163.0,163.0,163.0,163.0,1108.0
07/27/2012,10:25,168.0,168.39999999999998,168.0,168.39999999999998,42708.0
07/27/2012,10:28,170.89999999999998,170.89999999999998,170.89999999999998,170.89999999999998,2008.0
07/27/2012,11:04,170.89999999999998,170.89999999999998,170.89999999999998,170.89999999999998,1008.0
07/27/2012,15:54,168.5,168.5,168.5,168.5,5008.0
07/31/2012,09:47,158.9,158.9,158.25,158.25,5208.0
08/01/2012,15:40,172.60000000000002,172.60000000000002,172.60000000000002,172.60000000000002,4608.0
08/06/2012,13:26,175.7,176.0,175.7,176.0,4008.0
08/06/2012,14:27,166.2,166.2,166.2,166.2,1008.0
08/07/2012,10:54,164.0,164.0,161.6,162.0,6508.0
08/07/2012,11:08,167.70000000000002,168.0,167.70000000000002,167.70000000000002,3008.0
08/13/2012,14:50,175.0,175.89999999999998,175.0,175.89999999999998,34008.0
08/13/2012,14:51,175.89999999999998,175.89999999999998,175.8,175.89999999999998,56008.0
08/13/2012,14:52,175.8,175.89999999999998,175.8,175.89999999999998,48008.0
08/13/2012,15:03,175.89999999999998,175.89999999999998,175.89999999999998,175.89999999999998,11008.0
08/13/2012,15:04,175.89999999999998,175.89999999999998,175.89999999999998,175.89999999999998,10008.0
08/13/2012,15:13,175.89999999999998,175.89999999999998,175.89999999999998,175.89999999999998,5008.0
08/13/2012,15:57,175.89999999999998,175.89999999999998,175.89999999999998,175.89999999999998,10008.0
08/14/2012,10:13,174.0,174.0,174.0,174.0,2008.0
08/14/2012,11:53,175.0,175.0,175.0,175.0,1008.0
08/14/2012,11:56,175.0,175.0,175.0,175.0,1008.0
08/14/2012,15:47,175.8,175.8,175.8,175.8,2008.0
08/15/2012,10:05,175.0,175.0,175.0,175.0,9008.0
08/15/2012,15:30,175.3,175.3,175.3,175.3,13008.0
08/15/2012,15:31,175.3,175.3,175.0,175.0,25008.0
08/15/2012,15:36,175.0,175.0,175.0,175.0,2008.0
08/15/2012,15:45,175.0,175.0,175.0,175.0,1008.0
08/15/2012,15:46,175.0,175.0,175.0,175.0,3008.0
08/16/2012,09:59,176.79999999999998,176.79999999999998,176.79999999999998,176.79999999999998,1008.0
08/16/2012,14:09,175.01,175.01,175.01,175.01,4008.0
08/16/2012,14:35,166.7,171.5,166.7,171.5,10008.0
08/21/2012,11:52,176.0,176.0,176.0,176.0,9008.0
08/23/2012,12:44,170.39999999999998,170.39999999999998,170.10000000000002,170.10000000000002,10008.0
08/23/2012,13:12,175.91,175.91,175.91,175.91,10008.0
08/23/2012,13:13,175.92000000000002,175.92000000000002,175.92000000000002,175.92000000000002,10008.0
08/23/2012,13:18,175.73,175.93,175.73,175.93,15008.0
08/23/2012,15:40,177.0,177.0,177.0,177.0,4008.0
08/27/2012,09:57,168.5,168.5,168.5,168.5,1008.0
08/29/2012,10:45,166.6,167.89000000000001,166.6,167.89000000000001,2008.0
08/29/2012,14:08,168.39999999999998,168.39999999999998,168.39999999999998,168.39999999999998,11008.0
08/29/2012,15:52,170.5,170.5,170.5,170.5,1008.0
09/05/2012,09:32,168.0,168.0,168.0,168.0,12508.0
09/05/2012,10:43,170.8,170.8,170.8,170.8,5008.0
09/05/2012,10:53,170.10000000000002,170.10000000000002,170.10000000000002,170.10000000000002,7508.0
09/10/2012,13:31,175.89999999999998,178.0,175.89999999999998,178.0,70608.0
09/11/2012,14:02,175.0,175.5,175.0,175.5,2008.0
09/11/2012,14:03,177.1,177.1,177.1,177.1,2608.0
09/11/2012,15:12,173.0,173.5,173.0,173.0,20008.0
09/11/2012,15:56,177.0,177.0,177.0,177.0,2008.0
09/11/2012,15:57,177.0,177.0,177.0,177.0,2008.0
09/12/2012,15:56,177.0,177.0,175.5,175.5,2008.0
09/13/2012,15:33,178.0,180.39999999999998,178.0,180.39999999999998,9008.0
09/21/2012,11:43,180.0,180.0,180.0,180.0,1008.0
09/21/2012,11:46,179.8,179.8,179.8,179.8,1008.0
09/21/2012,11:51,182.0,182.0,180.5,180.5,2008.0
09/21/2012,12:24,182.0,182.5,182.0,182.5,3008.0
09/21/2012,12:25,183.0,183.0,183.0,183.0,1008.0
09/21/2012,12:34,184.0,184.0,184.0,184.0,1008.0
09/21/2012,12:37,182.0,182.0,182.0,182.0,2008.0
09/21/2012,12:40,184.0,184.0,184.0,184.0,3008.0
09/21/2012,12:42,183.10000000000002,183.10000000000002,183.10000000000002,183.10000000000002,3008.0
09/21/2012,15:57,186.5,186.5,186.5,186.5,2008.0
09/24/2012,09:40,192.89999999999998,192.89999999999998,192.89999999999998,192.89999999999998,1008.0
09/26/2012,11:09,183.0,183.0,183.0,183.0,1008.0
09/26/2012,15:24,181.1,181.1,181.1,181.1,1008.0
09/27/2012,13:51,175.5,175.5,175.5,175.5,10008.0
09/28/2012,13:23,173.0,173.0,173.0,173.0,20008.0
10/01/2012,09:47,173.0,173.0,173.0,173.0,3308.0
10/01/2012,12:40,173.07999999999998,173.3,173.0,173.0,30008.0
10/04/2012,09:52,174.1,174.1,174.1,174.1,1008.0
10/04/2012,09:53,182.8,182.8,182.8,182.8,1008.0
10/04/2012,10:25,182.0,183.0,174.29999999999998,174.29999999999998,114908.0
10/04/2012,12:19,178.2,178.3,178.2,178.3,2008.0
10/04/2012,15:54,181.0,181.0,181.0,181.0,1008.0
10/04/2012,15:55,181.6,181.70000000000002,181.6,181.70000000000002,2008.0
10/08/2012,10:57,182.8,182.89999999999998,182.8,182.89999999999998,2008.0
10/08/2012,15:33,182.89999999999998,182.89999999999998,182.89999999999998,182.89999999999998,1008.0
10/08/2012,15:59,183.0,183.0,183.0,183.0,1008.0
10/10/2012,13:32,181.0,181.0,181.0,181.0,6008.0
10/11/2012,10:37,183.0,183.0,183.0,183.0,1008.0
10/11/2012,12:09,180.0,180.0,180.0,180.0,20008.0
10/11/2012,12:15,180.10000000000002,180.10000000000002,180.10000000000002,180.10000000000002,3008.0
10/11/2012,14:38,180.0,180.0,180.0,180.0,6008.0
10/11/2012,15:32,180.0,180.0,180.0,180.0,19008.0
10/11/2012,15:42,180.0,180.0,180.0,180.0,17508.0
10/11/2012,15:48,180.0,180.0,180.0,180.0,6008.0
10/11/2012,15:49,180.0,180.0,180.0,180.0,20008.0
10/11/2012,15:52,180.0,180.0,180.0,180.0,30008.0
10/11/2012,15:53,180.0,180.0,180.0,180.0,6008.0
10/12/2012,12:31,180.0,180.0,180.0,180.0,5008.0
10/23/2012,15:42,177.7,177.7,177.7,177.7,5008.0
10/26/2012,15:24,173.0,173.0,173.0,173.0,1008.0
11/01/2012,11:22,172.5,172.5,169.20000000000002,169.20000000000002,5008.0
11/02/2012,14:01,172.0,172.0,172.0,172.0,2008.0
11/02/2012,14:10,172.0,172.0,172.0,172.0,98008.0
11/05/2012,10:06,179.8,179.8,179.8,179.8,5008.0
11/05/2012,10:08,175.3,175.3,175.3,175.3,5008.0
11/05/2012,10:47,173.0,173.0,173.0,173.0,1008.0
11/06/2012,15:16,180.5,183.0,180.5,183.0,30008.0
11/07/2012,10:53,178.39999999999998,178.39999999999998,178.39999999999998,178.39999999999998,4008.0
11/07/2012,11:06,173.39999999999998,173.39999999999998,173.39999999999998,173.39999999999998,4008.0
11/07/2012,11:13,173.5,173.5,173.5,173.5,4008.0
11/07/2012,11:17,173.39999999999998,173.39999999999998,173.39999999999998,173.39999999999998,5008.0
11/07/2012,11:46,173.3,173.3,173.3,173.3,4008.0
11/08/2012,15:36,169.8,169.8,168.0,168.39999999999998,10008.0
11/08/2012,16:01,168.5,168.5,168.5,168.5,1008.0
11/09/2012,09:31,167.5,167.5,167.5,167.5,60008.0
11/14/2012,14:42,166.0,167.5,165.6,165.6,22008.0
11/15/2012,10:42,164.6,164.6,164.6,164.6,1008.0
11/19/2012,12:49,172.89999999999998,172.89999999999998,172.89999999999998,172.89999999999998,10008.0
11/19/2012,12:51,172.89999999999998,172.89999999999998,172.89999999999998,172.89999999999998,9608.0
11/19/2012,13:54,171.70000000000002,171.70000000000002,171.70000000000002,171.70000000000002,1008.0
11/20/2012,09:30,169.5,169.5,169.5,169.5,1508.0
11/20/2012,09:36,168.5,168.5,168.5,168.5,1008.0
11/20/2012,12:29,171.79999999999998,171.79999999999998,171.79999999999998,171.79999999999998,1008.0
11/20/2012,12:34,162.70000000000002,162.70000000000002,162.70000000000002,162.70000000000002,5008.0
11/26/2012,12:01,166.5,166.5,166.5,166.5,1008.0
11/26/2012,12:02,166.5,166.5,166.5,166.5,3008.0
11/26/2012,13:00,166.2,166.2,166.2,166.2,1508.0
11/26/2012,15:30,167.5,167.5,167.5,167.5,1008.0
11/27/2012,14:01,165.79999999999998,165.79999999999998,165.79999999999998,165.79999999999998,1008.0
11/28/2012,09:33,163.7,163.7,163.7,163.7,6008.0
11/28/2012,15:43,168.0,168.0,168.0,168.0,2008.0
11/29/2012,13:24,169.5,169.5,169.5,169.5,1008.0
11/29/2012,15:53,171.0,171.0,171.0,171.0,6008.0
12/04/2012,15:17,175.39999999999998,175.89999999999998,175.39999999999998,175.89999999999998,27908.0
12/04/2012,15:33,175.89999999999998,175.89999999999998,175.89999999999998,175.89999999999998,1008.0
12/04/2012,15:34,175.7,175.89999999999998,175.7,175.89999999999998,9408.0
12/06/2012,09:45,165.4,165.4,165.4,165.4,2008.0
12/06/2012,13:23,169.6,169.6,168.3,168.3,19608.0
12/10/2012,10:47,168.79999999999998,169.5,168.0,168.10000000000002,80008.0
12/11/2012,11:37,175.39999999999998,178.0,175.39999999999998,178.0,100008.0
12/13/2012,14:37,180.60000000000002,180.60000000000002,180.60000000000002,180.60000000000002,1008.0
12/14/2012,11:49,171.6,171.6,171.6,171.6,1008.0
12/17/2012,11:54,170.3,170.3,169.4,169.4,4008.0
12/20/2012,14:26,172.5,172.5,172.0,172.0,100008.0
12/21/2012,14:14,170.5,170.74,170.5,170.5,42008.0
12/26/2012,14:01,172.5,172.5,172.5,172.5,20008.0
12/26/2012,14:05,172.49,172.49,172.49,172.49,20008.0
12/26/2012,14:21,172.49,172.49,171.1,171.1,40508.0
12/31/2012,15:16,181.5,181.5,179.20000000000002,179.20000000000002,2008.0
01/02/2013,14:02,182.1,182.4,182.1,182.4,7008.0
01/04/2013,14:53,175.5,175.5,175.5,175.5,1008.0
01/04/2013,14:54,176.5,176.6,176.5,176.6,4008.0
01/04/2013,15:30,176.29999999999998,176.29999999999998,176.29999999999998,176.29999999999998,3008.0
01/09/2013,15:47,183.0,183.39999999999998,183.0,183.39999999999998,101008.0
01/11/2013,10:02,194.5,195.5,194.5,195.5,8008.0
01/11/2013,14:08,188.0,188.0,188.0,188.0,2008.0
01/14/2013,12:23,175.60000000000002,180.79,175.60000000000002,180.79,6008.0
01/15/2013,13:54,175.2,175.2,175.2,175.2,2008.0
01/15/2013,15:20,175.5,175.5,175.5,175.5,7508.0
01/16/2013,12:01,177.8,177.8,177.8,177.8,30008.0
01/16/2013,12:02,177.8,177.8,177.8,177.8,10008.0
01/17/2013,09:34,169.4,169.6,169.4,169.6,8008.0
01/22/2013,10:41,178.0,178.0,178.0,178.0,1008.0
01/24/2013,14:40,180.60000000000002,180.60000000000002,180.60000000000002,180.60000000000002,12508.0
01/24/2013,15:04,182.89999999999998,189.20000000000002,181.9,189.20000000000002,88308.0
01/24/2013,15:05,189.20000000000002,189.20000000000002,187.60000000000002,187.7,11008.0
01/24/2013,15:13,187.5,187.7,187.5,187.7,120108.0
01/24/2013,15:14,187.7,189.20000000000002,187.7,189.20000000000002,47708.0
01/24/2013,15:15,189.20000000000002,189.20000000000002,189.20000000000002,189.20000000000002,66208.0
01/25/2013,15:56,189.20000000000002,196.1,189.20000000000002,195.5,124308.0
01/28/2013,10:59,183.79999999999998,183.79999999999998,180.98,180.98,6908.0
01/28/2013,11:29,183.0,183.0,182.0,182.0,30008.0
01/28/2013,12:09,189.29999999999998,190.5,189.29999999999998,190.5,20008.0
01/28/2013,12:10,190.5,190.5,190.5,190.5,1008.0
01/28/2013,12:12,190.60000000000002,190.60000000000002,190.5,190.5,2008.0
01/31/2013,12:58,190.10000000000002,190.10000000000002,190.10000000000002,190.10000000000002,13808.0
02/11/2013,15:46,185.0,185.12,185.0,185.12,2008.0
02/12/2013,15:59,186.0,186.0,186.0,186.0,1008.0
02/13/2013,13:48,186.0,186.0,186.0,186.0,66808.0
02/14/2013,11:25,183.0,183.0,178.2,178.2,6008.0
02/14/2013,11:51,195.10000000000002,195.5,195.10000000000002,195.5,6008.0
02/20/2013,15:46,193.10000000000002,193.10000000000002,193.10000000000002,193.10000000000002,4008.0
02/21/2013,09:43,183.3,183.3,183.3,183.3,3008.0
02/21/2013,09:48,184.0,184.0,183.9,183.9,3008.0
02/21/2013,09:53,186.29999999999998,186.6,186.29999999999998,186.6,3008.0
02/22/2013,09:39,192.4,192.4,192.4,192.4,4808.0
02/22/2013,15:58,192.0,192.0,192.0,192.0,10008.0
03/05/2013,10:39,192.20000000000002,192.5,192.20000000000002,192.5,8058.0
03/07/2013,09:30,186.70000000000002,186.70000000000002,186.70000000000002,186.70000000000002,2008.0
03/07/2013,15:19,190.0,190.0,190.0,190.0,1008.0
03/08/2013,15:33,190.0,190.0,190.0,190.0,6008.0
03/11/2013,09:30,198.39999999999998,198.39999999999998,198.39999999999998,198.39999999999998,2908.0
03/11/2013,12:41,189.29000000000002,189.4,188.3,188.3,28898.0
03/11/2013,14:26,191.0,191.0,191.0,191.0,12108.0
03/11/2013,15:55,192.0,192.0,192.0,192.0,4008.0
03/12/2013,14:51,192.20000000000002,192.20000000000002,191.07999999999998,191.07999999999998,6008.0
03/13/2013,13:11,196.79999999999998,199.0,196.79999999999998,199.0,117008.0
03/13/2013,14:35,195.5,195.5,195.5,195.5,15008.0
03/14/2013,14:56,195.8,195.8,195.8,195.8,6008.0
03/18/2013,12:20,193.0,193.0,192.20000000000002,192.20000000000002,10008.0
03/18/2013,13:23,192.32,192.32,192.20000000000002,192.20000000000002,6008.0
03/18/2013,13:41,192.20000000000002,192.20000000000002,192.20000000000002,192.20000000000002,4008.0
03/18/2013,15:08,194.5,194.5,194.5,194.5,1008.0
03/21/2013,09:54,197.999,197.999,197.999,197.999,1008.0
03/25/2013,14:38,191.901,192.20000000000002,191.9,192.20000000000002,10008.0
03/26/2013,14:31,194.0,194.0,194.0,194.0,6008.0
03/26/2013,15:28,193.7,193.7,193.7,193.7,5008.0
03/26/2013,15:51,194.6,194.6,194.6,194.6,1008.0
04/02/2013,10:44,195.0,195.0,195.0,195.0,3308.0
04/04/2013,10:04,194.9,195.10000000000002,194.9,195.10000000000002,4308.0
04/05/2013,12:59,192.35,192.35,192.35,192.35,1008.0
04/10/2013,14:07,198.0,198.0,198.0,198.0,2008.0
04/10/2013,14:12,198.0,198.0,198.0,198.0,2008.0
04/11/2013,13:06,198.0,198.0,198.0,198.0,6008.0
04/11/2013,13:22,198.0,198.0,198.0,198.0,3008.0
04/11/2013,15:19,198.7,198.7,198.7,198.7,1008.0
04/16/2013,14:36,193.2,193.2,193.2,193.2,5008.0
04/16/2013,15:22,198.0,198.0,198.0,198.0,1008.0
04/17/2013,09:55,193.7,195.10000000000002,193.7,195.10000000000002,6088.0
04/17/2013,11:40,202.0,202.5,198.7,202.5,32008.0
04/17/2013,13:28,198.5,198.5,198.5,198.5,1008.0
04/17/2013,14:18,198.39999999999998,198.39999999999998,198.39999999999998,198.39999999999998,2008.0
04/17/2013,15:50,196.1,196.1,196.1,196.1,1008.0
04/17/2013,15:56,195.64,195.64,195.64,195.64,1008.0
04/19/2013,10:22,201.70000000000002,201.70000000000002,201.70000000000002,201.70000000000002,4458.0
04/19/2013,15:14,201.70000000000002,201.70000000000002,201.70000000000002,201.70000000000002,1008.0
04/19/2013,15:15,201.70000000000002,201.70000000000002,201.70000000000002,201.70000000000002,55008.0
04/22/2013,15:43,198.39999999999998,198.39999999999998,198.39999999999998,198.39999999999998,6118.0
04/23/2013,10:30,201.0,201.0,201.0,201.0,1008.0
04/23/2013,13:25,199.8,199.8,199.8,199.8,1008.0
04/23/2013,15:13,199.17999999999998,199.17999999999998,196.2,196.237,9008.0
04/23/2013,15:37,200.0,200.0,200.0,200.0,1008.0
04/23/2013,15:52,198.0,198.0,198.0,198.0,1008.0
04/23/2013,15:53,196.9,197.09400000000002,196.9,197.09400000000002,5008.0
04/23/2013,15:59,198.0,198.0,198.0,198.0,2008.0
04/24/2013,12:08,198.0,198.0,198.0,198.0,1008.0
04/25/2013,10:38,198.6,198.7,198.6,198.7,8008.0
04/25/2013,11:31,197.20000000000002,197.20000000000002,197.20000000000002,197.20000000000002,1008.0
04/25/2013,15:28,198.0,198.0,198.0,198.0,30008.0
04/29/2013,14:46,194.20000000000002,194.20000000000002,194.20000000000002,194.20000000000002,1008.0
04/30/2013,10:50,198.0,198.0,198.0,198.0,1008.0
04/30/2013,11:12,198.79999999999998,198.79999999999998,198.79999999999998,198.79999999999998,1008.0
04/30/2013,12:41,199.64000000000001,199.64000000000001,199.64000000000001,199.64000000000001,5008.0
04/30/2013,13:21,198.79999999999998,198.79999999999998,198.79999999999998,198.79999999999998,5638.0
05/07/2013,10:20,202.0,202.0,202.0,202.0,1008.0
05/07/2013,10:21,201.0,201.0,201.0,201.0,4008.0
05/07/2013,15:10,204.8,204.9,204.8,204.9,5008.0
05/07/2013,15:12,205.0,205.0,205.0,205.0,1008.0
05/08/2013,09:58,202.0,202.0,202.0,202.0,10008.0
05/10/2013,15:27,204.0,204.0,202.5,202.5,5508.0
05/14/2013,13:18,202.20000000000002,202.20000000000002,202.0,202.1,30008.0
05/22/2013,10:16,210.39999999999998,210.5,210.39999999999998,210.5,4008.0
05/23/2013,09:57,203.30100000000002,203.30100000000002,203.3,203.3,11618.0
05/23/2013,12:27,204.6,204.6,204.6,204.6,3008.0
05/23/2013,15:44,208.0,208.0,208.0,208.0,2008.0
05/24/2013,10:18,207.0,207.0,207.0,207.0,1008.0
05/24/2013,10:21,208.0,208.0,208.0,208.0,2008.0
05/24/2013,10:22,208.0,208.0,208.0,208.0,4008.0
05/24/2013,10:30,208.0,208.0,208.0,208.0,5008.0
05/28/2013,15:34,209.0,209.96,209.0,209.16,4008.0
05/31/2013,13:47,208.3,208.3,208.3,208.3,2008.0
05/31/2013,13:49,208.39999999999998,208.39999999999998,208.39999999999998,208.39999999999998,1008.0
05/31/2013,13:50,208.6,210.7,208.6,210.7,6008.0
05/31/2013,13:51,210.14,210.14,210.0,210.0,3008.0
06/05/2013,13:34,208.33,208.33,208.33,208.33,1008.0
06/06/2013,13:58,209.0,209.0,207.5,207.5,3008.0
06/06/2013,13:59,207.5,207.5,207.5,207.5,3008.0
06/14/2013,13:44,202.7,202.7,202.7,202.7,12008.0
06/14/2013,13:45,202.5,202.5,202.5,202.5,13008.0
06/19/2013,09:58,208.0,208.0,208.0,208.0,1008.0
06/19/2013,10:04,207.0,207.0,207.0,207.0,1008.0
06/19/2013,10:10,206.0,206.001,206.0,206.001,2008.0
06/20/2013,15:24,202.1,202.4,202.1,202.4,10008.0
06/25/2013,13:05,197.42000000000002,197.42000000000002,197.42000000000002,197.42000000000002,2008.0
06/25/2013,13:37,198.5,198.5,198.5,198.5,8008.0
06/25/2013,13:38,199.5,199.5,199.5,199.5,8008.0
06/26/2013,14:05,200.89999999999998,201.0,200.7,201.0,16008.0
06/26/2013,15:18,203.0,203.0,203.0,203.0,1008.0
06/26/2013,15:41,202.0,202.0,202.0,202.0,1008.0
07/02/2013,12:36,202.5,202.5,202.5,202.5,5008.0
07/03/2013,09:30,198.6,198.6,198.6,198.6,5008.0
07/03/2013,09:40,198.3,201.29999999999998,198.3,201.29999999999998,17008.0
07/05/2013,15:59,205.0,205.0,205.0,205.0,12388.0
07/11/2013,10:55,208.0,208.0,208.0,208.0,3008.0
07/12/2013,10:43,209.0,209.0,209.0,209.0,1008.0
07/12/2013,12:31,208.0,208.0,208.0,208.0,2508.0
07/12/2013,12:43,209.0,209.1,209.0,209.1,4208.0
07/15/2013,10:01,208.0,208.0,208.0,208.0,5008.0
07/15/2013,10:12,209.0,209.0,209.0,209.0,5008.0
07/15/2013,12:08,212.0,212.0,212.0,212.0,1008.0
07/17/2013,09:58,211.0,211.0,211.0,211.0,5008.0
07/18/2013,09:32,211.5,211.9,211.5,211.9,5008.0
07/18/2013,10:01,212.0,212.0,212.0,212.0,3008.0
07/22/2013,11:02,215.7,215.7,215.7,215.7,1008.0
07/31/2013,15:18,214.0,214.0,214.0,214.0,1008.0
07/31/2013,15:26,214.4,214.4,214.4,214.4,1008.0
08/09/2013,13:58,214.9,215.10000000000002,214.9,215.10000000000002,244938.0
08/09/2013,14:00,215.10000000000002,215.10000000000002,215.10000000000002,215.10000000000002,13008.0
08/12/2013,15:30,214.4,214.4,211.1,211.1,2008.0
08/19/2013,14:42,201.5,201.5,201.5,201.5,15008.0
08/19/2013,14:45,209.4,209.4,208.5,208.5,9008.0
08/19/2013,15:34,207.89999999999998,208.0,207.89999999999998,208.0,6008.0
08/22/2013,10:35,200.8,200.8,200.8,200.8,2008.0
08/22/2013,14:38,209.0,209.0,209.0,209.0,2008.0
09/04/2013,14:07,206.0,208.2,206.0,206.0,5008.0
09/05/2013,09:41,208.0,208.0,208.0,208.0,20008.0
09/09/2013,09:30,213.9,213.9,213.9,213.9,1008.0
09/10/2013,14:28,213.5,213.5,210.5,210.5,2008.0
09/10/2013,14:31,211.70000000000002,211.70000000000002,211.70000000000002,211.70000000000002,2008.0
09/10/2013,14:33,211.0,211.0,208.0,208.5,4008.0
09/10/2013,14:34,201.9,206.5,201.9,206.5,4508.0
09/10/2013,14:35,209.1,209.1,208.0,208.0,15008.0
09/10/2013,14:36,209.5,209.8,209.5,209.5,14008.0
09/10/2013,14:47,213.3,213.3,213.3,213.3,1008.0
09/10/2013,14:48,207.75,207.75,207.75,207.75,1008.0
09/12/2013,15:20,209.01,209.64999999999998,206.51,209.64999999999998,13148.0
09/12/2013,15:21,211.0,211.0,211.0,211.0,1008.0
09/13/2013,10:18,207.0,207.0,207.0,207.0,3008.0
09/16/2013,11:24,218.0,218.0,218.0,218.0,1008.0
09/16/2013,11:25,213.04999999999998,213.04999999999998,213.04999999999998,213.04999999999998,1008.0
09/17/2013,10:01,212.0,212.8,212.0,212.8,2008.0
09/18/2013,11:27,210.5,210.5,210.5,210.5,2008.0
09/18/2013,11:28,210.54999999999998,210.54999999999998,210.54999999999998,210.54999999999998,2008.0
09/18/2013,13:26,211.79999999999998,211.79999999999998,211.79999999999998,211.79999999999998,2008.0
09/20/2013,09:58,215.0,215.0,215.0,215.0,1008.0
09/20/2013,10:15,215.0,215.0,215.0,215.0,2008.0
09/20/2013,11:03,214.0,214.5,214.0,214.5,2008.0
09/20/2013,14:59,214.0,214.0,213.0,213.0,2008.0
09/23/2013,10:42,218.0,218.0,214.724,214.724,4878.0
09/24/2013,11:27,208.7,208.7,208.39999999999998,208.39999999999998,4878.0
10/03/2013,09:30,211.79999999999998,211.79999999999998,211.79999999999998,211.79999999999998,1008.0
10/03/2013,12:18,206.55,208.10000000000002,206.55,208.10000000000002,3608.0
10/03/2013,12:19,208.10000000000002,208.10000000000002,208.10000000000002,208.10000000000002,1008.0
10/07/2013,15:42,206.0,206.0,206.0,206.0,1008.0
10/08/2013,12:29,208.0,208.0,208.0,208.0,1008.0
10/08/2013,12:30,207.4,207.4,207.4,207.4,4008.0
10/08/2013,12:31,208.0,208.0,208.0,208.0,2008.0
10/08/2013,15:47,206.5,206.5,206.5,206.5,2008.0
10/09/2013,13:24,208.0,208.0,208.0,208.0,1008.0
10/09/2013,13:27,208.0,208.0,208.0,208.0,1008.0
10/11/2013,15:49,208.0,208.0,208.0,208.0,1008.0
10/11/2013,15:50,206.79999999999998,206.79999999999998,206.5,206.5,3008.0
10/11/2013,15:51,206.5,206.5,206.5,206.5,12008.0
10/14/2013,12:29,208.10000000000002,208.10000000000002,208.08800000000002,208.08800000000002,2008.0
10/15/2013,09:30,203.2,203.2,203.2,203.2,1008.0
10/15/2013,09:35,208.0,208.0,208.0,208.0,1008.0
10/15/2013,09:36,208.0,208.0,208.0,208.0,1008.0
10/17/2013,09:42,204.8,204.8,204.8,204.8,2008.0
10/17/2013,10:01,211.0,211.0,211.0,211.0,1008.0
10/22/2013,13:19,212.8,212.8,212.8,212.8,3408.0
10/24/2013,09:56,212.8,227.0,212.8,216.0,76608.0
10/24/2013,10:03,216.5,216.5,216.5,216.5,1008.0
10/24/2013,10:04,216.5,216.5,216.5,216.5,1008.0
10/24/2013,10:54,217.8,217.8,217.8,217.8,1008.0
10/24/2013,10:55,217.0,217.0,217.0,217.0,1008.0
10/24/2013,10:56,217.0,217.5,217.0,217.5,3008.0
10/24/2013,13:16,216.0,216.0,216.0,216.0,1008.0
10/24/2013,15:26,218.5,218.5,218.5,218.5,1008.0
10/24/2013,15:51,218.79999999999998,219.29999999999998,218.79999999999998,219.29999999999998,23508.0
10/24/2013,15:54,218.79999999999998,218.79999999999998,218.79999999999998,218.79999999999998,9718.0
10/25/2013,10:05,214.0,214.0,214.0,214.0,1008.0
